	42-42	49-50	52-52	66-73	74-81	82-89	90-97	98-104	118-125	126-128
42-42	1	-0.0205282	-0.00398246	-0.00810212	-0.0126239	0.000927411	-0.0347239	-0.00179916	-0.00593157	-0.000824989
49-50	-0.0205282	1	-0.0250335	-0.128695	-0.067066	-0.114456	-0.185026	-0.0612347	-0.141188	-0.00790306
52-52	-0.00398246	-0.0250335	1	-0.0929641	-0.0123882	-0.0839994	-0.0830257	-0.0173298	-0.0472178	-0.00325915
66-73	-0.00810212	-0.128695	-0.0929641	1	-0.208026	-0.219017	-0.291385	-0.0792469	-0.167029	-0.0154904
74-81	-0.0126239	-0.067066	-0.0123882	-0.208026	1	-0.286963	-0.187278	-0.0343702	-0.0581079	-0.00500415
82-89	0.000927411	-0.114456	-0.0839994	-0.219017	-0.286963	1	-0.290067	-0.123554	-0.186211	-0.0151778
90-97	-0.0347239	-0.185026	-0.0830257	-0.291385	-0.187278	-0.290067	1	-0.0935479	-0.182955	-0.00873392
98-104	-0.00179916	-0.0612347	-0.0173298	-0.0792469	-0.0343702	-0.123554	-0.0935479	1	-0.066533	-0.00127598
118-125	-0.00593157	-0.141188	-0.0472178	-0.167029	-0.0581079	-0.186211	-0.182955	-0.066533	1	-0.0070649
126-128	-0.000824989	-0.00790306	-0.00325915	-0.0154904	-0.00500415	-0.0151778	-0.00873392	-0.00127598	-0.0070649	1
