	42-42	49-50	52-52	66-73	74-81	82-89	90-97	98-104	118-125	126-128
42-42	1	-0.0127587	0.0494988	0.0018579	-0.0168301	-0.00717117	0.00236935	0.0115278	0.00302943	0.00226803
49-50	-0.0127587	1	-0.0258244	0.00929738	0.0903424	0.00547164	0.00369413	-0.00717644	-0.103586	0.0509819
52-52	0.0494988	-0.0258244	1	-0.0286531	0.00976235	-0.0345551	0.00658538	-0.00279271	0.00330182	-0.00431603
66-73	0.0018579	0.00929738	-0.0286531	1	-0.0540298	-5.04576e-05	-0.00998478	-0.00302922	0.0290871	0.0428407
74-81	-0.0168301	0.0903424	0.00976235	-0.0540298	1	-0.107256	-0.00659306	-0.0306829	-0.00474334	0.0410667
82-89	-0.00717117	0.00547164	-0.0345551	-5.04576e-05	-0.107256	1	0.0204168	0.0193771	-0.0134371	0.0201768
90-97	0.00236935	0.00369413	0.00658538	-0.00998478	-0.00659306	0.0204168	1	-0.00488057	-0.0224076	0.0164568
98-104	0.0115278	-0.00717644	-0.00279271	-0.00302922	-0.0306829	0.0193771	-0.00488057	1	-0.0226733	-0.00324728
118-125	0.00302943	-0.103586	0.00330182	0.0290871	-0.00474334	-0.0134371	-0.0224076	-0.0226733	1	-0.0349393
126-128	0.00226803	0.0509819	-0.00431603	0.0428407	0.0410667	0.0201768	0.0164568	-0.00324728	-0.0349393	1
