	42-42	49-50	52-52	66-73	74-81	82-89	90-97	98-104	118-125	126-128
42-42	1									
49-50		1	-0.0326403	0.00138854	0.060209	0.00960365	-0.0184575	-0.0125666	-0.0580037	0.0325788
52-52		-0.0326403	1	-0.0302838	0.012222	-0.0479827	-0.0157667	-0.00857927	-0.0113587	-0.0044373
66-73		0.00138854	-0.0302838	1	-0.0438027	0.00977273	0.00402623	-0.0036575	0.017514	0.01981
74-81		0.060209	0.012222	-0.0438027	1	-0.118404	-0.00798123	-0.0486809	-0.0329381	0.0338057
82-89		0.00960365	-0.0479827	0.00977273	-0.118404	1	0.0126968	0.0214853	-0.0166714	0.0174779
90-97		-0.0184575	-0.0157667	0.00402623	-0.00798123	0.0126968	1	-0.0361414	-0.00424682	0.0221907
98-104		-0.0125666	-0.00857927	-0.0036575	-0.0486809	0.0214853	-0.0361414	1	-0.0328882	-0.0023995
118-125		-0.0580037	-0.0113587	0.017514	-0.0329381	-0.0166714	-0.00424682	-0.0328882	1	-0.0308705
126-128		0.0325788	-0.0044373	0.01981	0.0338057	0.0174779	0.0221907	-0.0023995	-0.0308705	1
