	42-42	49-50	52-52	66-73	74-81	82-89	90-97	98-104	118-125	126-128
42-42	1	-0.0213883	0.0478588	-0.00743502	-0.02252	-0.017036	-0.00559406	0.00992508	-0.0017329	-0.00151053
49-50	-0.0213883	1	-0.0677438	-0.253137	-0.074226	-0.21125	-0.208658	-0.0638842	-0.229456	-0.0296363
52-52	0.0478588	-0.0677438	1	-0.0762805	-0.0148102	-0.0775856	-0.0299733	-0.0111633	-0.01572	-0.0201982
66-73	-0.00743502	-0.253137	-0.0762805	1	-0.24096	-0.258639	-0.2669	-0.061421	-0.0834392	-0.0512342
74-81	-0.02252	-0.074226	-0.0148102	-0.24096	1	-0.275109	-0.155329	-0.0686805	-0.0746499	-0.0149451
82-89	-0.017036	-0.21125	-0.0775856	-0.258639	-0.275109	1	-0.202332	-0.028602	-0.119454	-0.0670629
90-97	-0.00559406	-0.208658	-0.0299733	-0.2669	-0.155329	-0.202332	1	-0.0551862	-0.124479	-0.0683554
98-104	0.00992508	-0.0638842	-0.0111633	-0.061421	-0.0686805	-0.028602	-0.0551862	1	-0.0460796	-0.0228817
118-125	-0.0017329	-0.229456	-0.01572	-0.0834392	-0.0746499	-0.119454	-0.124479	-0.0460796	1	-0.0789367
126-128	-0.00151053	-0.0296363	-0.0201982	-0.0512342	-0.0149451	-0.0670629	-0.0683554	-0.0228817	-0.0789367	1
