	42-42	49-50	52-52	66-73	74-81	82-89	90-97	98-104	118-125	126-128
42-42	1									
49-50		1	-0.0398664	-0.20067	-0.0157984	-0.164303	-0.151427	-0.0338227	-0.12015	-0.0494728
52-52		-0.0398664	1	-0.0752225	-0.0136389	-0.090553	-0.053123	-0.0160085	-0.0304556	-0.0131389
66-73		-0.20067	-0.0752225	1	-0.244467	-0.301542	-0.284174	-0.0590905	-0.110853	-0.0770298
74-81		-0.0157984	-0.0136389	-0.244467	1	-0.310372	-0.170568	-0.0847974	-0.110175	-0.0106867
82-89		-0.164303	-0.090553	-0.301542	-0.310372	1	-0.247238	-0.0251374	-0.139526	-0.072012
90-97		-0.151427	-0.053123	-0.284174	-0.170568	-0.247238	1	-0.0887013	-0.11988	-0.0535184
98-104		-0.0338227	-0.0160085	-0.0590905	-0.0847974	-0.0251374	-0.0887013	1	-0.0557701	-0.0156615
118-125		-0.12015	-0.0304556	-0.110853	-0.110175	-0.139526	-0.11988	-0.0557701	1	-0.0680685
126-128		-0.0494728	-0.0131389	-0.0770298	-0.0106867	-0.072012	-0.0535184	-0.0156615	-0.0680685	1
