	42-42	49-50	52-52	66-73	74-81	82-89	90-97	98-104	118-125	126-128
42-42	1	-0.00182569	-0.000627332	0.0016419	-0.00671773	0.0095959	-0.0186962	0.00147483	0.000130838	-0.000230644
49-50	-0.00182569	1	0.00837707	0.00913903	0.0176478	0.0355487	-0.0131487	-0.0171854	-0.045434	-0.000346118
52-52	-0.000627332	0.00837707	1	-0.0175061	0.0201897	-0.0106046	0.000541144	0.00178625	-0.00560252	0.000495295
66-73	0.0016419	0.00913903	-0.0175061	1	-0.049807	0.0767911	0.0529391	0.00356354	0.0149953	0.000557977
74-81	-0.00671773	0.0176478	0.0201897	-0.049807	1	-0.112249	-0.013602	0.00484046	0.0271364	0.00245178
82-89	0.0095959	0.0355487	-0.0106046	0.0767911	-0.112249	1	0.0556733	-0.0336702	0.00178225	0.000881239
90-97	-0.0186962	-0.0131487	0.000541144	0.0529391	-0.013602	0.0556733	1	0.00189755	0.0232208	0.00819721
98-104	0.00147483	-0.0171854	0.00178625	0.00356354	0.00484046	-0.0336702	0.00189755	1	-0.0159882	0.0029497
118-125	0.000130838	-0.045434	-0.00560252	0.0149953	0.0271364	0.00178225	0.0232208	-0.0159882	1	0.00219821
126-128	-0.000230644	-0.000346118	0.000495295	0.000557977	0.00245178	0.000881239	0.00819721	0.0029497	0.00219821	1
