	42-42	49-50	52-52	66-73	74-81	82-89	90-97	98-104	118-125	126-128
42-42	1	-0.009334	-0.000509199	0.00128595	-0.00613782	0.0120217	-0.013855	0.00152092	-0.00423109	-0.000188486
49-50	-0.009334	1	0.00753859	0.0253919	0.0303584	0.031031	0.0302809	-0.0197872	-0.0437467	0.00158815
52-52	-0.000509199	0.00753859	1	-0.0161361	0.0207321	-0.00927307	0.0016184	0.00199795	-0.00440274	0.00056782
66-73	0.00128595	0.0253919	-0.0161361	1	-0.0474018	0.0797674	0.0587263	0.00340694	0.0173998	0.000644693
74-81	-0.00613782	0.0303584	0.0207321	-0.0474018	1	-0.112271	-0.00762203	0.00496405	0.0283862	0.00276635
82-89	0.0120217	0.031031	-0.00927307	0.0797674	-0.112271	1	0.0585083	-0.0332412	0.00322446	0.00109641
90-97	-0.013855	0.0302809	0.0016184	0.0587263	-0.00762203	0.0585083	1	0.0011371	0.021325	0.0086227
98-104	0.00152092	-0.0197872	0.00199795	0.00340694	0.00496405	-0.0332412	0.0011371	1	-0.0152542	0.00289734
118-125	-0.00423109	-0.0437467	-0.00440274	0.0173998	0.0283862	0.00322446	0.021325	-0.0152542	1	0.00222605
126-128	-0.000188486	0.00158815	0.00056782	0.000644693	0.00276635	0.00109641	0.0086227	0.00289734	0.00222605	1
