	42-42	49-50	52-52	66-73	74-81	82-89	90-97	98-104	118-125	126-128
42-42	1	-0.0108719	-0.000921536	8.70724e-05	-0.00685596	0.0111392	-0.015902	0.00106512	-0.00303836	-0.00033285
49-50	-0.0108719	1	0.00840385	0.0278744	0.031836	0.0328201	0.0345986	-0.0187825	-0.0461601	0.00189309
52-52	-0.000921536	0.00840385	1	-0.0154428	0.0211301	-0.00877512	0.00279497	0.00225425	-0.00506796	0.000649262
66-73	8.70724e-05	0.0278744	-0.0154428	1	-0.0461551	0.0810754	0.0619211	0.00414829	0.015422	0.00088058
74-81	-0.00685596	0.031836	0.0211301	-0.0461551	1	-0.11131	-0.00552699	0.00541135	0.0271754	0.00290809
82-89	0.0111392	0.0328201	-0.00877512	0.0810754	-0.11131	1	0.0607992	-0.0326765	0.00180392	0.00126808
90-97	-0.015902	0.0345986	0.00279497	0.0619211	-0.00552699	0.0607992	1	0.00243673	0.0178407	0.00901034
98-104	0.00106512	-0.0187825	0.00225425	0.00414829	0.00541135	-0.0326765	0.00243673	1	-0.0159762	0.0029868
118-125	-0.00303836	-0.0461601	-0.00506796	0.015422	0.0271754	0.00180392	0.0178407	-0.0159762	1	0.00198933
126-128	-0.00033285	0.00189309	0.000649262	0.00088058	0.00290809	0.00126808	0.00901034	0.0029868	0.00198933	1
